# SPT-3G Y1 EE/TE Bandpowers.
# Units are uK^2 CMB.
# EE 90x90, TE 90x90, EE 90x150, TE 90x150, EE 90x220, TE 90x220, EE 150x150, TE 150x150, EE 150x220, TE 150x220, EE 220x220, TE 220x220
1 13.1353884 88.3976199 12.7827160 93.1572449 12.1114560 99.7607446 13.1596034 101.1094207 12.7194120 110.4595391 12.0818726 113.7298453
2 19.6677587 43.5980528 20.4524645 42.4115399 19.0158473 36.6453790 21.1223902 42.7037383 19.8892333 40.7566499 17.9736159 40.0755070
3 18.9614420 -44.7435989 18.8172753 -45.5519814 17.9268150 -43.0166893 19.0580656 -47.8000472 18.4424728 -47.1102216 17.7364575 -43.3571010
4 11.2068483 -68.8192336 11.9514299 -68.9045336 11.1242696 -64.9513069 12.5216715 -69.9981771 11.1340255 -64.5139271 9.4358274 -53.1978565
5 7.1058580 -34.0135702 7.2521055 -34.6404923 7.6049746 -48.2282520 7.0062756 -34.8141524 8.2695296 -46.6900240 9.3992840 -58.1981043
6 11.0557430 11.8274088 11.2804998 11.2360895 12.2320075 15.2318412 11.8383489 10.4912552 11.7991911 15.5524321 11.5162368 20.8252154
7 29.0459883 24.0793288 29.4183187 23.8288921 29.0753812 21.4589178 30.1046769 24.4534159 29.8171978 23.0936520 34.2577986 21.4167000
8 39.0341538 -63.3375862 39.0786320 -63.2546932 39.4628095 -57.9898000 38.8745642 -63.0872261 39.7166944 -59.2313930 40.8710419 -60.0075187
9 33.6402632 -119.4786541 34.3553385 -120.9325573 33.1080404 -113.9940827 35.0280214 -122.8120738 34.1473733 -115.9890946 32.3933301 -105.1855304
10 21.2229098 -121.2051586 20.7602714 -120.4131613 22.0385521 -124.0886399 20.4102568 -121.3488578 21.2589583 -126.2275169 22.8446546 -124.6250196
11 13.2350119 -52.6058111 13.3428490 -50.4948944 13.1646602 -43.2402866 13.7395214 -48.6050845 13.3547447 -40.0085248 13.5776297 -25.6336305
12 16.8910419 41.0258345 17.1814065 38.4682629 17.8033060 38.5452045 17.0181611 36.6439697 17.7293319 37.2290313 19.1185285 36.7411556
13 31.7811990 54.4742232 31.4202144 55.9593744 30.7807223 58.8741848 31.6140676 56.9057867 32.3473864 61.4555295 29.6337524 70.3616939
14 41.2487146 12.4225979 40.4138951 13.0977042 40.6627967 14.4387261 40.6697421 13.8639501 39.8698591 13.7540306 36.8670035 17.9573937
15 39.3790083 -52.0303995 38.3782175 -51.7669394 39.2665811 -55.4560018 38.4523635 -51.7373366 37.2796861 -55.8019154 40.7104081 -56.6892126
16 26.1076539 -75.5503533 26.2734440 -74.5885647 24.9405541 -71.8749779 26.3988735 -73.6886206 25.2877609 -72.1310784 20.4057939 -70.1202101
17 15.5133773 -48.2518413 15.1856983 -52.7271182 14.5738567 -58.3708324 14.9600375 -55.8791203 13.9130570 -60.3023030 10.6924097 -66.0452169
18 13.1300599 -9.6954947 12.2682648 -10.0820033 10.8332669 -6.8631283 12.5987362 -10.7855497 12.0552290 -7.1100651 12.5567194 -1.8868857
19 20.6113091 4.8856247 21.7898180 4.3150007 23.9238647 4.1669626 22.1063376 4.3081098 22.3335247 4.3012126 17.9703516 8.2992537
20 29.9261992 -15.3607748 29.1857336 -15.7463801 28.4754980 -17.1616968 29.5916487 -16.0472133 26.8715667 -16.7080796 26.8968171 -16.3957193
21 31.2375013 -47.1477745 30.8883902 -48.1325102 28.5003249 -43.5888383 32.0906999 -49.0646229 28.4854712 -42.9317283 24.3608443 -39.7051224
22 24.0820365 -61.8023904 22.3737159 -61.8312680 22.1542817 -55.3021069 22.2034185 -62.9801431 25.0131183 -56.8156290 40.0327146 -47.4982043
23 14.1462429 -40.9987504 13.0110709 -41.7934177 11.8675830 -41.2172689 12.5561756 -42.8452643 11.2997750 -41.0903475 5.5052396 -30.8301475
24 10.8957571 -10.8971030 10.1916248 -11.7641319 11.4453430 -8.6027552 10.3958688 -12.9898832 13.4336310 -9.9192646 19.2006310 -4.1970781
25 14.9788251 8.4387919 15.3839165 9.0435225 12.5533003 4.7603088 14.0926790 10.1692419 11.0873148 5.9229471 8.0353134 -7.3741690
26 22.0527443 -3.8226432 20.9278070 -0.7745772 22.1497086 -4.2319787 21.1352917 1.0668987 24.1196828 0.3439207 23.7626983 -5.1100209
27 17.5625378 -13.8824464 20.0229374 -15.3677513 20.4445478 -15.7511284 20.6856230 -14.5154300 21.7352756 -13.3126702 23.9856474 -7.9954748
28 19.2114265 -30.9956507 18.3885879 -31.9688540 14.6545393 -32.4009924 18.0790029 -33.1339194 18.8516036 -31.7407386 12.9394282 -33.0523808
29 7.3990373 -21.9209433 10.1550934 -23.9950952 10.8329932 -25.8591138 10.5501667 -25.9449772 14.1987766 -26.7283847 0.2631371 -25.1438713
30 10.1285064 -15.7203894 8.7297072 -15.1463588 11.2820382 -17.5686434 8.4999510 -14.6538933 8.0192234 -17.4268950 14.9487389 -21.4705566
31 8.2532237 -14.1235988 9.0216782 -10.0207288 5.8217768 -7.1015354 9.6021588 -8.3642842 5.4289220 -7.2809924 -0.4421197 3.4316700
32 9.7071506 -3.8388102 9.7552914 -3.2676500 9.6210421 -5.1133279 9.8242314 -3.3855236 13.0974952 -3.2598568 14.2129865 -12.6183124
33 12.6882355 -11.8074125 12.8834852 -11.2219205 18.1706803 -10.7550804 11.9560003 -11.3125286 7.7819374 -10.9545546 0.6234430 -13.9779569
34 12.4208621 -15.0286850 10.1944087 -16.3739923 8.9054576 -17.7837198 11.3951122 -16.3493785 13.9265429 -17.2824456 6.1929871 -18.6883678
35 6.7129945 -16.0403372 6.2650062 -14.1512211 7.8573583 -14.5858689 6.3252636 -13.7594753 6.2069154 -13.9644432 4.8997349 -17.6177220
36 5.3278573 -5.3877178 5.5556677 -4.7371104 1.0578772 -9.1238839 5.3835893 -4.3277960 5.3592153 -5.7851373 9.0456500 3.6542211
37 7.3471538 -7.6001438 7.6141595 -6.3481212 6.7996850 -3.9328104 5.9859035 -4.9775501 7.1841682 -3.6493009 8.7496090 -9.1509566
38 1.1997255 -8.9049004 2.6146905 -8.8042578 4.1707389 -10.6149901 4.8575255 -9.2793444 1.0327821 -10.5199532 13.3457361 -19.5764779
39 6.7505422 -7.4465124 4.0125654 -4.7120787 5.2188358 -5.7531945 2.5996950 -2.2570020 5.1925028 -0.3660602 -0.8383300 0.0735118
40 2.8885306 -0.8879405 2.5404966 -4.1841711 0.1548183 -3.9579230 2.6417404 -3.6408670 2.9866363 -5.1004920 -2.4622995 -14.3106933
41 5.8775037 -4.9686875 0.5198549 -3.3242918 -0.1280738 -6.4652805 2.3337394 -3.2245669 2.1116152 -3.5237053 10.4825519 -2.0105378
42 -0.8989625 1.5221299 0.8412667 -2.0811284 9.4985049 5.4611718 1.9858858 -3.8138847 3.3952287 1.8729632 -6.4276372 16.2745210
43 0.6332310 2.4275772 2.9915400 0.1734163 4.5311832 -0.2518543 0.4659794 -0.7470071 -3.2455883 -5.4595280 -5.8018479 -3.5795234
44 -1.2103318 -6.9168386 -2.3796247 -1.8483755 -7.1725505 -5.3141301 1.0167198 -2.1320420 7.3651495 0.1927964 -3.6042369 15.5855535
